CC2DC PACKET STARTED
cc1
1
2025-04-13T21:33:32.242
ba:40:85:5f:0b:b0
6
2025-04-13 21:33:30.378000
2025-04-13 21:33:28.890000
4.000976222470616
3211.6346046825743
0.0
2.000488111235308
1596.069666908773
0.0
2.000488111235308
1615.5649377738014
0.0
0.12768557335270184
0.1292451950219041
0.012846538418730298
0.0
0.0
0.6722507194837284
0.0
923.6724885706427
0.0
0.0
0.0
1.3445014389674568
0.0
970.7300389345038
0.0
0.0
0.0
0.07389379908565141
0.0
0.0776584031147603
0.0
0.003882920155738015
0.0
0.0
0.33341468520588463
266.01161115146215
0.0
0.33341468520588463
269.2608229623002
0.0
0.02128092889211697
0.021540865836984016
0.00214108973645505
0.0
Checksum: 31611
CC2DC PACKET ENDED