CC2DC PACKET STARTED
cc2
1
2025-04-13T11:16:43.680
ca:0d:97:05:a9:d3
5
2025-04-13 11:16:40.172000
2025-04-13 11:16:40.172000
2.5257654698481824
855.8736706399842
0.0
0.9020590963743509
412.2410070430784
0.0
1.6237063734738317
443.6326635969058
0.0
0.03297928056344627
0.03549061308775246
0.0034234946825599365
0.0
0.0
0.36082363854974037
0.0
247.52501604512187
0.0
0.0
0.18041181927487018
0.5412354578246106
7.757708228819418
262.86002068348586
0.0
0.0
0.0
0.01980200128360975
0.0006206166583055535
0.02102880165467887
3.103083291527767e-05
0.0016504073227265126
0.0
0.0
0.18041181927487018
82.44820140861569
0.0
0.3247412746947663
88.72653271938115
0.0
0.0065958561126892535
0.007098122617550493
0.0006846989365119873
0.0
Checksum: 35713
CC2DC PACKET ENDED